87
446 279 0
714 31 0
264 259 0
472 200 0
702 219 0
930 298 0
602 68 0
954 165 0
596 126 0
850 87 0
211 194 0
612 248 0
532 98 0
873 139 0
814 61 0
476 154 0
658 143 0
830 176 0
418 119 0
414 237 0
298 73 0
847 302 0
742 106 0
495 238 0
271 217 0
1060 307 0
521 295 0
954 241 0
446 42 0
1005 228 0
375 127 0
660 186 0
583 294 0
370 220 0
542 31 0
551 211 0
698 270 0
333 161 0
746 258 0
661 32 0
648 307 0
470 81 0
385 41 0
660 228 0
926 198 0
683 76 0
778 32 0
372 85 0
176 263 0
727 158 0
944 122 0
303 287 0
355 265 0
220 248 0
781 289 0
779 129 0
491 31 0
845 251 0
635 102 0
1024 284 0
381 305 0
268 119 0
783 220 0
596 189 0
864 30 0
117 304 0
542 156 0
893 261 0
383 173 0
977 295 0
339 32 0
698 126 0
250 162 0
312 205 0
730 307 0
893 72 0
246 299 0
546 259 0
769 177 0
874 220 0
132 264 0
824 126 0
429 167 0
1054 254 0
421 77 0
768 73 0
180 305 0
