85
502 214 0
492 169 0
850 133 0
446 227 0
778 212 0
384 276 0
811 96 0
980 276 0
345 189 0
920 301 0
552 147 0
610 264 0
464 127 0
925 118 0
668 299 0
902 245 0
751 171 0
484 252 0
287 255 0
980 192 0
916 203 0
592 129 0
819 240 0
267 193 0
116 299 0
564 231 0
682 211 0
385 215 0
225 159 0
402 82 0
320 57 0
210 239 0
1046 307 0
325 124 0
251 296 0
818 45 0
553 272 0
335 239 0
479 44 0
641 155 0
1019 256 0
612 194 0
608 77 0
536 32 0
512 71 0
626 38 0
962 231 0
163 262 0
678 135 0
885 74 0
708 275 0
670 252 0
372 114 0
448 179 0
449 301 0
770 58 0
734 81 0
890 148 0
277 138 0
856 264 0
362 50 0
340 298 0
415 139 0
202 300 0
762 288 0
532 108 0
510 304 0
205 197 0
679 43 0
297 298 0
840 185 0
407 30 0
863 34 0
582 37 0
783 133 0
937 160 0
829 305 0
272 96 0
666 90 0
1064 269 0
732 128 0
728 233 0
382 167 0
592 305 0
460 82 0
