77
772 222 0
651 290 0
682 238 0
616 49 0
284 240 0
846 199 0
646 132 0
963 304 0
225 305 0
526 242 0
404 77 0
482 181 0
393 163 0
324 280 0
155 247 0
458 251 0
363 296 0
792 291 0
246 117 0
922 292 0
171 287 0
726 49 0
683 179 0
198 183 0
730 242 0
575 160 0
743 104 0
568 275 0
112 289 0
356 46 0
816 145 0
357 200 0
574 76 0
608 228 0
283 191 0
498 133 0
311 48 0
268 281 0
659 83 0
813 233 0
446 299 0
724 157 0
450 138 0
897 210 0
239 237 0
427 201 0
846 280 0
321 129 0
917 249 0
497 66 0
197 238 0
70 297 0
701 292 0
378 251 0
454 86 0
553 124 0
252 162 0
521 297 0
659 31 0
648 207 0
744 292 0
776 132 0
345 90 0
781 82 0
397 32 0
526 35 0
628 170 0
605 112 0
285 87 0
206 138 0
537 201 0
155 202 0
692 123 0
448 43 0
374 124 0
329 237 0
793 182 0
