82
182 238 0
528 192 0
872 221 0
627 91 0
704 200 0
752 108 0
220 135 0
518 278 0
278 141 0
382 299 0
330 123 0
396 172 0
918 234 0
316 219 0
687 148 0
699 272 0
386 255 0
589 218 0
451 213 0
543 31 0
952 295 0
438 71 0
94 296 0
367 43 0
888 276 0
467 120 0
545 128 0
716 62 0
783 232 0
810 112 0
372 115 0
673 59 0
619 186 0
492 81 0
227 207 0
160 301 0
294 98 0
823 193 0
863 175 0
275 190 0
310 302 0
617 42 0
804 299 0
141 212 0
784 159 0
115 245 0
256 271 0
606 305 0
469 277 0
827 242 0
585 150 0
744 248 0
655 279 0
549 86 0
702 103 0
212 283 0
450 162 0
428 250 0
505 238 0
587 261 0
635 236 0
778 69 0
363 200 0
551 307 0
180 163 0
468 39 0
286 43 0
425 121 0
253 78 0
756 295 0
747 198 0
628 135 0
845 281 0
495 153 0
338 259 0
322 171 0
394 77 0
731 153 0
429 298 0
661 181 0
339 80 0
547 242 0
