87
292 96 0
484 415 0
86 105 0
242 416 0
528 375 0
138 153 0
308 42 0
560 309 0
484 45 0
154 384 0
390 362 0
264 238 0
332 287 0
338 239 0
510 312 0
146 310 0
558 160 0
94 284 0
178 29 0
493 213 0
470 283 0
262 364 0
97 347 0
88 222 0
182 116 0
234 315 0
84 174 0
478 141 0
191 229 0
124 51 0
528 68 0
439 315 0
43 162 0
300 178 0
189 167 0
202 79 0
549 420 0
450 190 0
362 413 0
51 53 0
360 171 0
34 112 0
44 303 0
518 260 0
98 400 0
385 134 0
322 369 0
473 344 0
260 151 0
239 108 0
157 258 0
418 263 0
441 375 0
302 332 0
435 86 0
196 279 0
491 88 0
554 233 0
382 40 0
52 356 0
250 43 0
33 416 0
412 407 0
564 102 0
128 201 0
357 334 0
386 235 0
214 377 0
288 287 0
31 203 0
192 332 0
360 77 0
519 123 0
220 197 0
291 408 0
336 122 0
57 251 0
510 172 0
557 33 0
143 96 0
435 138 0
185 414 0
426 36 0
459 239 0
395 314 0
410 177 0
373 276 0
