#number_of_total_points
497
#number_of_large_points (color is 255)
0
#number_of_small_points (color is 0)
0
#scale
0.001
#width,height: 16000, 8000
#coordinates: x,y,color
14912 4104 0
15312 1195 0
7758 1553 0
13948 759 0
4454 3214 0
13298 4059 0
8096 6806 0
5205 4376 0
3222 2897 0
13414 6853 0
11904 617 0
15782 1685 0
3166 6942 0
8324 1445 0
2108 4408 0
14662 7118 0
1632 4687 0
663 3195 0
9802 6047 0
2088 5588 0
432 2267 0
7074 4030 0
9090 2174 0
7288 1768 0
15052 3492 0
6690 3669 0
12814 1526 0
7574 6381 0
3490 828 0
11388 6034 0
14488 7482 0
6120 5554 0
12114 1277 0
3586 6102 0
9974 1888 0
8450 635 0
11442 761 0
10294 2718 0
13192 5254 0
11236 7030 0
11660 3268 0
14646 395 0
8670 5603 0
2534 2424 0
15162 4708 0
13164 819 0
10818 933 0
2229 3787 0
15738 3718 0
9580 1605 0
6622 5915 0
14690 5768 0
6024 1140 0
14068 3431 0
5918 3920 0
1892 7537 0
12316 4290 0
3523 5407 0
5735 2767 0
4642 3696 0
6937 6470 0
9068 5829 0
15222 5741 0
11553 4492 0
13962 2962 0
2194 6151 0
8644 2760 0
13336 6114 0
8014 5221 0
4454 7557 0
3888 4757 0
9777 3294 0
3252 4219 0
5254 5307 0
11990 4660 0
13192 7194 0
1982 2916 0
4928 6546 0
9148 1506 0
656 1427 0
13954 7540 0
14060 4801 0
9180 7712 0
1000 964 0
15568 6682 0
2579 1830 0
10302 5975 0
8122 2335 0
12398 6472 0
1014 5435 0
13574 2680 0
6980 2409 0
2620 4710 0
11960 5422 0
3154 277 0
976 2841 0
8912 3810 0
1592 2520 0
974 325 0
14470 5208 0
3958 1161 0
9086 2673 0
7954 565 0
4216 2015 0
2054 5120 0
10252 5229 0
5451 7543 0
8447 3724 0
9224 6440 0
12152 3112 0
12677 607 0
8176 2959 0
6862 7776 0
7280 1015 0
14488 1192 0
2653 1213 0
4174 2440 0
12756 2106 0
14853 1665 0
5626 3479 0
750 4043 0
2802 3959 0
6048 3386 0
1489 1038 0
262 5586 0
11188 2830 0
12856 4083 0
15554 2642 0
13682 368 0
3066 1264 0
4937 449 0
6987 5234 0
3196 5102 0
7339 7175 0
6720 2788 0
1914 7086 0
1276 6450 0
3126 7454 0
2354 796 0
3902 380 0
5247 4794 0
15746 2084 0
5986 4897 0
10386 2230 0
10960 336 0
13949 6048 0
11559 7299 0
4143 5809 0
5799 1487 0
7406 4867 0
2492 7769 0
3161 5871 0
1431 3240 0
5332 1523 0
2611 226 0
14750 4709 0
15658 521 0
12201 1875 0
2686 7336 0
11651 5008 0
9951 4503 0
11052 1859 0
10340 736 0
13440 3078 0
3285 3728 0
8617 6209 0
13672 1341 0
12868 7537 0
1124 1540 0
4816 1486 0
12883 5687 0
3013 2189 0
5554 872 0
7699 944 0
6518 7142 0
9120 4621 0
10686 7551 0
11658 6801 0
7038 3340 0
6336 3961 0
10304 3633 0
298 1879 0
14298 6594 0
4901 5908 0
8393 4300 0
15001 5294 0
3812 7395 0
3852 4076 0
4520 4145 0
13716 7182 0
11580 1661 0
12715 3514 0
8908 5182 0
6810 1650 0
8692 7513 0
14684 3267 0
2166 228 0
10406 4758 0
4575 2389 0
8826 784 0
14621 6297 0
2656 3427 0
12390 4760 0
9729 7144 0
6137 1920 0
758 7002 0
284 3761 0
9660 5658 0
9686 885 0
6591 697 0
1289 7017 0
10035 344 0
8663 2079 0
12401 6912 0
8030 4091 0
10623 6994 0
4924 7413 0
12101 6052 0
250 3093 0
13926 5208 0
11360 3939 0
11812 2448 0
2503 6898 0
12150 3695 0
2718 5891 0
280 7577 0
8630 6839 0
12226 7604 0
14706 2324 0
10521 236 0
6462 3109 0
11122 7649 0
11289 2299 0
5745 2206 0
7114 419 0
4286 4985 0
11215 5648 0
14113 7064 0
6314 6280 0
9509 3705 0
13513 4930 0
13197 3468 0
1575 5353 0
6949 7340 0
13658 2048 0
15540 6046 0
15565 7562 0
7528 3411 0
5356 2543 0
6358 6719 0
4322 755 0
8194 6394 0
2102 1205 0
3928 3380 0
6691 273 0
6617 4697 0
13027 2799 0
10998 6150 0
8489 5092 0
15444 3195 0
8310 224 0
3623 2629 0
12048 226 0
1043 7494 0
6504 5357 0
13948 4060 0
1779 3741 0
7740 7143 0
1776 6663 0
3687 6629 0
9272 7065 0
9887 2676 0
8681 1664 0
3545 2203 0
15285 253 0
13062 4547 0
8823 3231 0
1050 4849 0
5467 6337 0
10658 5476 0
2679 2981 0
5010 934 0
5403 293 0
8117 7746 0
1697 6217 0
4808 1893 0
7626 4526 0
5368 6801 0
966 2204 0
4458 1146 0
12443 2636 0
8114 5839 0
9340 591 0
15038 2982 0
332 4733 0
11100 4525 0
1308 1922 0
8171 4756 0
15078 6429 0
12773 5224 0
588 5054 0
12594 1188 0
10076 1428 0
10963 4988 0
14393 1794 0
7502 2871 0
11029 6612 0
10786 2772 0
2989 688 0
1011 6082 0
14654 2829 0
4731 4812 0
10782 1533 0
9231 1051 0
3025 4558 0
6538 1331 0
4391 4541 0
4498 6065 0
9271 5407 0
528 6305 0
15532 4222 0
2111 2180 0
368 6898 0
6139 2508 0
7439 2362 0
4158 1545 0
14454 4428 0
2617 5459 0
5306 3130 0
10171 4023 0
9557 2102 0
9943 6440 0
12465 5634 0
9824 5199 0
15176 2314 0
4226 5390 0
11564 7718 0
11758 5771 0
15755 5001 0
5889 7074 0
6906 6923 0
5505 4038 0
10355 6527 0
7514 5463 0
9208 4152 0
14982 7551 0
1548 4106 0
9850 7747 0
14215 400 0
1870 594 0
10292 3148 0
8873 250 0
10814 3374 0
521 922 0
7740 2031 0
2119 1619 0
15037 653 0
6137 271 0
5906 6405 0
6590 2141 0
4031 6384 0
12708 3104 0
4359 6663 0
13348 5624 0
7622 4021 0
8101 1810 0
284 257 0
10666 4280 0
13151 1901 0
12981 6662 0
5731 5715 0
4634 5352 0
7023 4558 0
2529 4289 0
5255 1916 0
15485 5363 0
9647 6711 0
7530 5978 0
15221 7209 0
5107 3946 0
10136 7222 0
2950 6583 0
4656 6960 0
13826 6725 0
6260 7449 0
14174 2192 0
11723 3761 0
11971 6458 0
1305 5715 0
1279 4404 0
12966 328 0
11484 1210 0
8485 1047 0
3492 1354 0
1043 3759 0
13390 7656 0
11381 335 0
2286 7390 0
14259 5625 0
13658 3504 0
3991 7773 0
5752 5228 0
5678 4498 0
15616 7093 0
7077 5645 0
13957 1709 0
4138 2911 0
14967 6850 0
14393 3710 0
13560 4459 0
9693 4162 0
9267 3112 0
8716 4762 0
14205 2640 0
9404 4967 0
12093 7190 0
842 4502 0
6312 4420 0
3092 3290 0
7384 7577 0
10910 3792 0
2124 3353 0
15299 1883 0
5328 5840 0
4589 2812 0
238 1273 0
10822 2242 0
8060 3411 0
3493 3242 0
13766 5600 0
424 4312 0
727 1860 0
11226 3288 0
13226 1346 0
1498 303 0
3414 4746 0
4295 7155 0
15306 3836 0
11783 2878 0
549 2675 0
7527 259 0
12692 6153 0
2177 6584 0
11543 5417 0
4907 3377 0
14909 1052 0
13287 2366 0
10244 7653 0
1484 7389 0
15767 1198 0
635 5851 0
6731 4271 0
4982 2397 0
8142 7225 0
5949 7766 0
1600 1423 0
7274 6755 0
3369 1800 0
4226 3801 0
10457 1166 0
861 6563 0
5766 509 0
12290 5180 0
15571 4629 0
14086 1235 0
12543 7303 0
12266 857 0
4411 224 0
3853 1820 0
4993 2830 0
3475 7650 0
11820 2042 0
8077 1075 0
14456 768 0
9531 4564 0
2903 2635 0
3858 5161 0
10374 1733 0
2581 6299 0
668 7689 0
8813 4334 0
1707 5734 0
12188 2278 0
6133 746 0
11912 4155 0
1669 2106 0
7792 2580 0
9613 269 0
3029 5486 0
6047 5979 0
6925 1208 0
7046 6053 0
11506 6427 0
9501 2510 0
15776 5684 0
3604 7021 0
1313 663 0
