110
3967 3443 1
2968 1510 1
1976 1548 1
2625 4230 1
4339 2673 1
3224 3524 1
4963 2346 1
5130 955 1
5329 3198 1
3237 920 1
5364 389 1
4465 1634 1
1136 1416 1
3852 2094 1
607 844 1
3657 2975 1
1570 1870 1
3912 985 1
4166 483 1
5670 2472 1
1150 730 1
5992 3987 1
972 4180 1
3501 528 1
5269 2756 1
3219 2052 1
2915 3069 1
691 3230 1
1355 2404 1
2566 964 1
3682 1703 1
6127 4544 1
2590 1950 1
1665 4277 1
821 1744 1
4305 3857 1
3377 4053 1
1424 3618 1
6119 1055 1
1993 3449 1
306 3816 1
5140 1847 1
241 3356 1
4839 3067 1
2467 2859 1
4765 4018 1
1690 398 1
2247 4414 1
2013 2694 1
4706 680 1
5328 3657 1
6044 359 1
3447 2497 1
487 2675 1
2928 4545 1
3020 389 1
5536 2069 1
2307 2296 1
5791 1514 1
287 1622 1
4004 4413 1
3905 2628 1
1259 3090 1
992 3755 1
4168 1323 1
876 269 1
6127 2724 1
2408 520 1
5166 4177 1
4381 3323 1
6053 2217 1
1925 751 1
5695 4314 1
4452 4341 1
5746 671 1
385 4342 1
4758 3530 1
5988 3178 1
4358 2092 1
1538 964 1
1020 2727 1
2837 2651 1
544 2093 1
2538 3489 1
2443 1467 1
1946 3958 1
4588 1105 1
3394 1365 1
1718 3022 1
5177 1423 1
1828 2228 1
339 235 1
4821 252 1
3748 3821 1
5353 4558 1
5793 3589 1
607 1285 1
1279 4500 1
2951 3909 1
1099 2066 1
5579 1086 1
3387 4533 1
1568 1421 1
4901 4534 1
2367 3893 1
3823 233 1
2111 1128 1
6162 1777 1
2080 242 1
751 4564 1
