100
2445 799 1
1620 481 1
2016 133 1
952 258 1
3401 635 1
3599 533 1
619 319 1
2954 1169 1
1325 499 1
2537 556 1
4246 250 1
2192 341 1
3773 770 1
2687 892 1
3939 615 1
1990 452 1
2163 698 1
3337 347 1
744 570 1
3196 1241 1
4445 137 1
3528 809 1
1230 898 1
1915 1323 1
1537 1044 1
1787 317 1
662 142 1
2350 944 1
3137 386 1
3519 1056 1
3098 1098 1
2935 987 1
2629 1177 1
1664 1150 1
3546 356 1
1826 688 1
3657 211 1
2827 220 1
3138 1436 1
3205 593 1
1735 1350 1
4075 427 1
2153 1387 1
2134 1042 1
3378 1309 1
1443 840 1
2728 555 1
1103 702 1
2681 1389 1
2261 494 1
3181 883 1
3911 387 1
2846 1436 1
1322 291 1
2993 538 1
1121 433 1
2448 1205 1
2273 157 1
2633 737 1
1693 944 1
3479 183 1
2056 841 1
1896 991 1
1609 173 1
1019 104 1
2995 221 1
1367 1070 1
788 289 1
2984 1342 1
2869 705 1
2331 1419 1
932 801 1
2684 300 1
2503 1377 1
2433 172 1
3348 966 1
482 122 1
1531 1322 1
1958 1160 1
1496 320 1
3105 732 1
3742 458 1
1646 729 1
895 463 1
3932 159 1
2765 1089 1
1095 986 1
1273 133 1
1500 615 1
1352 1268 1
3687 973 1
2410 429 1
1220 1153 1
3211 199 1
2835 406 1
1986 638 1
1298 745 1
2498 1012 1
2591 136 1
2115 1222 1
