180
4439 3100 1
1749 847 1
5735 1363 1
1359 319 1
6310 2132 1
3562 3169 1
1745 1834 1
2958 1695 1
3538 1313 1
3385 1042 1
5465 2277 1
5975 3066 1
242 824 1
5068 2017 1
529 2520 1
2581 3185 1
4735 811 1
4142 897 1
4435 1214 1
2994 2138 1
221 2148 1
478 3134 1
4606 3511 1
6220 227 1
4629 2558 1
6675 2694 1
1191 2394 1
2388 2566 1
781 1454 1
4866 215 1
5556 394 1
1789 415 1
3286 1902 1
1568 2839 1
6198 3400 1
183 2979 1
2190 507 1
4954 3247 1
5070 1598 1
5922 2582 1
5498 1621 1
4108 2520 1
6304 3126 1
1849 3219 1
6519 1032 1
1899 1238 1
1067 298 1
6223 1659 1
5066 1180 1
454 1618 1
1003 1173 1
1146 2853 1
5421 3115 1
2552 1912 1
6635 3298 1
5767 1831 1
4315 2748 1
4329 2057 1
3099 3498 1
4217 509 1
5210 674 1
645 2203 1
1368 1991 1
4215 3415 1
3648 2863 1
2522 786 1
2341 1404 1
5121 391 1
3589 2342 1
1459 3287 1
1162 1434 1
2619 1607 1
6447 426 1
5626 822 1
872 3472 1
2849 606 1
2285 3291 1
1612 2407 1
3156 848 1
991 3128 1
4009 1258 1
3786 3361 1
6670 2035 1
4489 406 1
223 2663 1
6506 1518 1
5098 2337 1
2843 2376 1
3568 711 1
1970 3499 1
1967 2940 1
3001 3220 1
6250 670 1
5824 546 1
2603 379 1
5789 2144 1
4459 1680 1
5777 3390 1
3851 1597 1
215 3264 1
5293 1358 1
4841 1763 1
692 2857 1
2178 1960 1
826 804 1
6557 2350 1
2862 1122 1
6021 1180 1
6598 762 1
5392 3465 1
353 430 1
4002 3023 1
3259 2755 1
3111 249 1
3876 231 1
3572 1729 1
2166 903 1
1489 1514 1
4787 1391 1
5569 2867 1
632 228 1
3098 1281 1
3418 3448 1
1396 1141 1
4903 2762 1
977 1765 1
5392 1092 1
6723 1309 1
6329 1300 1
2800 2729 1
4181 1553 1
3354 422 1
3593 2034 1
2668 3483 1
1790 1549 1
2070 2233 1
1114 908 1
6376 2611 1
174 1608 1
1023 2122 1
2536 2274 1
5459 1982 1
497 1255 1
5939 1575 1
4751 1111 1
1377 763 1
2273 2991 1
5312 2668 1
3882 2142 1
501 668 1
3030 2926 1
6712 254 1
4682 2125 1
6102 2815 1
2140 212 1
3837 551 1
2050 1708 1
6595 2980 1
4979 3530 1
1930 2603 1
668 1882 1
1228 3479 1
6055 898 1
4027 1849 1
2570 1113 1
913 2554 1
3186 2408 1
3810 941 1
4204 190 1
4791 522 1
4745 3022 1
6456 1829 1
567 958 1
4431 840 1
5146 3011 1
1154 571 1
525 3529 1
6738 1758 1
3276 1555 1
175 202 1
