91
2259 752 1
1335 180 1
1996 1128 1
1463 506 1
2051 927 1
1248 606 1
2784 162 1
1660 286 1
2084 501 1
3861 229 1
3513 146 1
1084 505 1
2923 988 1
2560 316 1
2943 747 1
3207 629 1
1585 818 1
3362 937 1
2939 494 1
2190 314 1
828 135 1
446 255 1
2621 1109 1
4231 375 1
3634 545 1
3887 652 1
1684 1127 1
2457 869 1
1001 285 1
2438 1077 1
1813 115 1
1246 930 1
2723 406 1
2396 597 1
2717 872 1
831 459 1
1730 534 1
4031 405 1
3504 826 1
3454 1178 1
903 718 1
1491 992 1
3300 429 1
3627 302 1
3214 252 1
614 445 1
1764 793 1
4244 140 1
2425 161 1
2023 211 1
2813 1153 1
3203 1184 1
2974 172 1
2215 1210 1
1915 392 1
2599 704 1
1203 335 1
3388 677 1
1139 751 1
3182 855 1
1985 662 1
3639 947 1
2400 407 1
1127 116 1
1478 1206 1
2269 952 1
2244 122 1
686 271 1
3826 847 1
1846 1015 1
3081 383 1
3010 1228 1
1418 750 1
3796 461 1
1519 173 1
2563 500 1
1295 1147 1
3099 1033 1
2777 670 1
1035 913 1
4475 116 1
569 122 1
4064 130 1
3671 723 1
3480 448 1
2603 134 1
3703 114 1
1848 1233 1
327 116 1
3331 115 1
4059 590 1
