180
90
48275 327
47037 617
43664 2522
40598 4076
47501 2134
42246 3783
47226 2906
42848 810
45253 1003
42149 1159
43346 240
47094 1949
44375 2639
45521 1633
45680 4282
45038 1947
40894 2808
47077 4473
42507 2598
40495 3322
43261 3342
46220 2241
42066 1915
49056 1341
41031 1163
42006 761
46680 2759
48626 667
44704 4364
43991 1589
48079 4447
47908 4070
47817 3630
42063 2516
48641 1681
41526 4279
41813 3532
46911 3338
42463 1864
40846 3660
45832 682
48374 3191
48341 2199
45726 3470
41112 2160
41081 1640
45329 2275
44496 495
47990 698
45284 4482
44952 224
47732 3024
49317 2356
48874 2155
49397 3930
49054 3660
44627 3305
41019 4476
46832 4115
41236 3811
43579 1894
44921 2805
47439 655
45838 3911
45344 405
45984 4545
43174 1443
48857 4248
43263 4201
44911 795
41628 2062
42578 1330
42849 4342
41168 3315
47424 1251
48446 3827
40511 1487
44265 3510
41623 1362
41372 624
43800 3984
46164 1281
47143 3745
40313 2828
48911 3028
45164 3189
40481 422
43940 2159
46299 3054
46639 2005
43934 1181
49211 259
43346 852
42879 3571
44151 763
45693 2927
40779 801
46673 1099
44382 2045
43564 3022
44522 1463
46492 3555
46876 1488
46286 1752
42593 3186
47843 2441
49062 800
46301 4057
47953 2041
42905 2117
47512 4240
40662 2356
44622 3745
41370 2692
40323 4379
44705 2312
44503 1016
43979 3145
46453 303
45319 4039
41952 4117
42966 2750
42457 4551
42427 537
49385 2929
48002 1639
48403 2659
48769 215
43721 3582
40400 998
40263 2289
43714 4499
41629 935
44986 1532
44258 4399
48626 1260
45824 1931
49062 1787
46608 4548
49351 3346
47260 231
43795 284
41959 3155
41362 212
45765 1206
42868 223
46129 2650
48521 4532
47429 3350
49242 4367
47908 1105
49393 1025
43749 800
46334 772
45118 3648
47477 1667
40920 359
41881 325
40396 3729
41532 3096
47177 2428
41829 4554
45717 2432
48328 961
45949 207
43362 3789
43589 1477
42429 4148
40522 1935
48992 2627
43235 2390
47687 303
44199 3916
42836 1690
48733 3418
45326 2759
47067 1021
47694 4597
46853 238
43206 4599
