100
1102 739 1
4230 314 1
3805 238 1
2899 1153 1
630 134 1
2504 378 1
1283 784 1
3431 392 1
3640 690 1
2621 122 1
858 316 1
1300 298 1
3370 1079 1
2286 642 1
3666 386 1
2637 1397 1
3242 206 1
1034 238 1
3219 450 1
3142 1098 1
3094 1286 1
2037 1161 1
2313 434 1
2376 1007 1
1014 522 1
2332 1211 1
2608 1166 1
1294 543 1
4026 440 1
2133 290 1
4086 156 1
660 521 1
2735 757 1
1695 754 1
1731 1386 1
1806 182 1
447 161 1
3621 137 1
2026 426 1
3254 1302 1
562 293 1
2900 135 1
1591 413 1
1921 630 1
1388 1212 1
1691 984 1
3921 671 1
3614 1018 1
2761 484 1
1487 1063 1
1586 111 1
2171 955 1
3313 912 1
1673 1174 1
3844 828 1
2360 120 1
1871 1278 1
919 745 1
2126 666 1
2295 824 1
1337 975 1
2577 844 1
1766 536 1
4375 189 1
1478 530 1
2975 968 1
2979 279 1
3093 113 1
2452 638 1
853 135 1
1502 1384 1
3458 807 1
3323 660 1
2749 1261 1
2970 786 1
1460 850 1
1234 1120 1
2012 891 1
2935 1350 1
3509 1227 1
1994 132 1
3108 672 1
2557 1014 1
2145 1284 1
3501 539 1
1422 680 1
1892 1035 1
2326 1434 1
2018 1433 1
1039 897 1
3136 869 1
2960 479 1
2633 586 1
1808 347 1
2304 271 1
2747 965 1
2201 1115 1
3456 170 1
2642 288 1
1380 142 1
