180
90
44468 4576
44068 1721
41340 2355
44255 3435
47230 3509
48071 1325
43327 4551
43675 1238
46499 1237
47448 4326
42844 2999
46064 2453
44039 3040
47210 898
47683 884
40819 2172
48805 1460
47615 2191
42094 2716
48153 3739
45107 2548
45839 414
47438 3035
46386 3835
45232 1387
48176 2121
48017 2808
48515 940
40980 1463
45750 3343
41024 240
45221 3234
40339 264
42280 1148
41759 1972
42967 1838
45851 3926
49047 4389
45099 1787
45221 922
45387 252
46323 1712
45815 1374
44377 975
46911 2004
41734 3288
49286 2389
44836 2123
40511 1273
41488 1059
46606 3006
40258 2523
41883 1472
43809 4548
42157 4565
48115 747
47436 401
47738 3844
42509 354
48950 3452
43975 732
43719 3620
44513 295
42480 2153
48809 489
41948 3759
41022 3682
49363 361
44683 2974
46780 320
42931 1377
41079 4321
48365 253
44973 4434
40209 3828
42886 3437
44824 665
44404 2430
44058 4131
49304 2957
46468 591
44543 1842
47513 1440
45835 2876
45472 4591
48569 2945
41644 489
43578 2799
46861 4500
48859 2051
41702 4225
43620 1805
43298 844
40771 3301
46870 2448
47839 4500
42741 4054
44685 4012
45421 3987
48824 3976
40833 2638
40367 4575
48358 4532
48044 3286
46407 4516
40910 947
45913 960
49361 1404
47978 1744
42331 4039
45496 1910
43900 2168
42563 826
49379 901
42915 636
43372 342
45997 4570
43234 3667
49371 3780
43145 2291
42697 4518
42402 3540
44535 1346
47088 1589
41910 945
48628 2535
40532 2966
41390 1632
47369 2605
41511 2887
48959 1069
41065 2998
42464 1533
43411 4148
44863 3430
47334 3922
46153 3418
40293 905
43920 222
40590 4088
46954 4068
49291 1914
41723 2537
42330 3077
46812 3380
42605 2586
40560 1704
45663 2330
42963 220
41412 4593
46211 233
43245 3180
48519 3403
43128 2709
48037 4149
41513 3727
40215 2029
42185 1863
47866 207
48515 1763
46353 2143
46760 902
41178 624
40690 527
47650 3381
42042 2264
41991 200
45972 1979
45388 2838
43547 2398
40381 3394
43973 2618
44974 234
47001 2920
43330 1523
43659 3208
42156 626
41307 3372
45417 3584
46468 2561
bo
