180
90
46525 1660
46561 985
45465 3957
45024 1202
40445 960
43589 3916
40873 519
41210 3027
43806 1967
48754 294
45970 1367
41612 2418
42750 468
40702 2840
46475 2183
44000 3455
40460 2340
46368 3412
44006 1345
47645 1013
44238 958
40851 3556
43308 2466
46870 3029
47178 1951
44853 1620
46370 341
49119 955
44464 3984
40345 300
47464 294
48262 2530
41364 1880
42799 2403
45436 2573
42840 1119
46055 1862
42908 3038
41551 389
40857 1739
46996 769
45380 4366
44810 708
42902 4283
43853 285
45475 1108
49188 2012
48808 1488
48395 4296
48283 3782
47425 1532
47618 3129
41833 1245
42312 1205
49373 3014
48132 1397
40221 3925
46352 2791
42125 2100
45828 319
46128 4470
49137 4273
42358 2593
45490 537
40703 4081
41234 790
44124 2229
42055 3989
41922 787
48702 3070
49363 297
47860 2007
47014 4012
49223 1512
41726 3220
43589 4581
40305 3510
48818 3709
44877 4129
45154 3403
45241 2200
48042 3034
46785 256
41680 4525
44362 2558
45965 2355
49305 2471
45943 766
42043 2893
41262 4451
44248 4464
45949 3321
47728 4236
45478 3006
47795 536
42114 3533
44810 2853
44695 2065
42385 1692
40203 1501
49378 3600
48862 2591
44324 413
44110 3054
46968 2469
46719 4345
43294 360
48574 888
42513 3847
43397 1758
47744 3554
48099 813
43560 3362
40831 1303
42504 3020
47478 2551
46877 1452
45568 3457
46891 3592
43179 3762
41883 1737
44748 3256
47240 4553
46532 3869
43716 689
43627 2957
41269 3723
48291 1945
40201 2665
42049 201
41467 1421
44930 314
44822 4545
42531 2074
42357 603
47199 1133
45547 1819
41181 2255
42189 4375
43480 1037
44439 1719
46039 3956
47446 3926
42875 1654
44038 4038
40461 1907
40214 4512
43078 2080
48069 4582
45820 2768
48398 516
43778 2524
42768 3467
40836 4493
44844 3665
44588 1287
41595 4069
48814 4579
48763 2148
43193 1377
47185 3287
40253 3082
42554 4598
44870 2433
48350 3323
48050 211
49028 3327
41719 3644
41186 200
49381 4596
43148 773
41576 2841
43173 4582
44424 3496
41062 2641
45764 4251
45275 1520
48752 4105
47247 2885
43307 4200
