180
364 395 1
6011 1674 1
4389 599 1
3941 841 1
649 592 1
4218 3428 1
2911 2469 1
585 3090 1
217 3242 1
1757 414 1
6670 1119 1
3398 1836 1
3677 2783 1
4176 2602 1
2977 3181 1
1147 613 1
3696 2017 1
605 1699 1
4968 2240 1
4193 269 1
3166 256 1
6271 2657 1
3404 2642 1
6147 2950 1
5218 1107 1
4913 1924 1
3425 681 1
2728 244 1
971 2214 1
5930 2492 1
6162 1251 1
4401 921 1
4924 806 1
3872 1641 1
2777 2140 1
5556 488 1
5068 2868 1
4043 2355 1
6155 824 1
2361 1626 1
5624 2323 1
2319 882 1
5111 3260 1
1163 1207 1
2755 1014 1
1292 3501 1
5258 2615 1
366 682 1
3780 3392 1
2052 207 1
5773 3084 1
4796 1554 1
2657 1508 1
1209 3221 1
5497 1029 1
3120 619 1
4182 2004 1
4444 2919 1
2244 3201 1
5165 1642 1
6449 1953 1
4046 1267 1
612 1377 1
2653 3016 1
3968 3136 1
2004 2439 1
6357 2367 1
5402 3513 1
2081 2845 1
4386 1603 1
2553 3418 1
3428 1051 1
2422 443 1
1639 682 1
5847 493 1
1964 1069 1
4816 3401 1
3481 3099 1
1402 1007 1
2748 620 1
1462 1789 1
2050 640 1
6237 3430 1
1646 1568 1
4625 2366 1
303 2135 1
1673 2525 1
6327 274 1
4898 168 1
1936 1837 1
651 2648 1
1922 3371 1
1611 2165 1
626 265 1
1276 2194 1
5834 833 1
6727 805 1
3375 1481 1
6656 3327 1
5545 1641 1
3018 1599 1
5755 1829 1
4697 558 1
2579 2546 1
5689 3355 1
5508 2949 1
302 1065 1
4638 1083 1
4489 3536 1
857 2859 1
678 3437 1
1487 3264 1
6689 293 1
2414 2177 1
3188 2871 1
580 2090 1
2023 1413 1
1672 2858 1
6109 2044 1
1274 2774 1
6019 167 1
893 3253 1
1406 383 1
349 2630 1
3112 1083 1
909 1867 1
3603 352 1
4526 2056 1
910 1037 1
3769 618 1
5248 1948 1
4723 3095 1
2914 1326 1
6516 1467 1
1145 229 1
6421 555 1
6613 2202 1
3269 3454 1
6656 2911 1
1578 1235 1
1169 1648 1
5880 1322 1
5288 650 1
3902 331 1
2912 2760 1
5034 458 1
2527 1868 1
318 1469 1
3586 2297 1
622 963 1
6390 993 1
382 3512 1
3169 2334 1
4899 2617 1
2247 1177 1
1829 3104 1
3130 1981 1
185 1751 1
3706 1014 1
2977 3528 1
1577 3535 1
2289 2562 1
533 2368 1
5720 2729 1
891 1515 1
4492 274 1
5712 245 1
3707 1394 1
4623 1788 1
5930 3509 1
2133 2163 1
6699 2626 1
5438 1360 1
979 2509 1
5278 221 1
167 2935 1
882 404 1
5404 3212 1
4926 1275 1
4385 1302 1
