180
983 916 1
1046 606 1
874 1791 1
1403 1003 1
6198 3038 1
6349 626 1
1403 634 1
1244 2041 1
2502 239 1
1704 2586 1
6167 987 1
4192 2010 1
3011 2623 1
5461 1881 1
3109 201 1
1835 902 1
291 2233 1
5684 1680 1
1025 3147 1
4182 1599 1
3703 3251 1
2286 2530 1
1588 3338 1
4404 2685 1
6516 1500 1
4259 243 1
4940 3137 1
1626 1285 1
6645 2173 1
6620 1021 1
1941 3142 1
2858 816 1
4098 929 1
6395 1758 1
5313 1148 1
5690 2810 1
3666 479 1
909 2099 1
5564 3340 1
2744 1570 1
362 811 1
5965 3505 1
1242 2684 1
4358 665 1
4635 436 1
6496 2569 1
2309 1478 1
2167 261 1
5298 2954 1
5957 2034 1
4979 239 1
2526 2340 1
1620 1975 1
2262 2900 1
5835 1003 1
3598 2975 1
3727 2043 1
2714 424 1
2577 3263 1
5741 440 1
5767 1369 1
4863 1738 1
5125 1975 1
4627 3494 1
2678 2612 1
5153 2653 1
3936 1297 1
333 2722 1
5070 998 1
1928 1702 1
4599 1533 1
3510 2708 1
5434 2270 1
3939 1776 1
4242 3227 1
6091 1715 1
3280 2081 1
2449 920 1
4731 769 1
2902 3153 1
6028 2641 1
4039 2524 1
764 3274 1
463 1345 1
3011 1955 1
5363 202 1
1206 1547 1
6251 359 1
4598 3000 1
1547 314 1
4040 2903 1
433 1901 1
3580 1529 1
3882 676 1
221 1591 1
1892 2303 1
5478 574 1
3611 1223 1
3290 812 1
1440 3082 1
862 2634 1
368 3136 1
6697 171 1
6650 3436 1
2585 2048 1
518 1629 1
3237 491 1
6447 3193 1
968 3475 1
3786 3522 1
2260 1772 1
4522 1872 1
3626 889 1
308 309 1
4878 1413 1
6161 2370 1
3357 3281 1
5238 1459 1
2903 2364 1
4370 2230 1
703 212 1
4607 1026 1
2036 1292 1
5766 2275 1
1847 314 1
6326 1294 1
4768 2626 1
6021 547 1
5252 3456 1
1569 1610 1
3186 2886 1
6687 2989 1
1457 2395 1
2043 557 1
6657 676 1
672 2387 1
613 2993 1
3223 1152 1
991 179 1
700 859 1
6714 1883 1
6246 2037 1
2279 2143 1
3482 221 1
3109 1454 1
429 3499 1
2425 3517 1
3250 2444 1
2774 1102 1
2002 2000 1
1963 2807 1
2306 676 1
2026 3435 1
991 1253 1
4667 2360 1
3940 260 1
4098 3529 1
1528 2816 1
4316 1264 1
3069 3504 1
5127 602 1
4976 2220 1
176 1041 1
3635 2378 1
556 459 1
2677 2905 1
2306 1162 1
1302 3413 1
1761 621 1
5539 977 1
3327 1794 1
1070 2363 1
1222 359 1
2153 912 1
1281 1260 1
2753 3501 1
178 3368 1
769 1465 1
4943 3427 1
5836 3165 1
