88
1273 558 1
939 302 1
2595 611 1
1195 259 1
4073 253 1
3055 177 1
1888 985 1
2484 422 1
3298 1072 1
4238 366 1
2849 798 1
4001 630 1
2693 895 1
2590 1146 1
895 638 1
2141 1071 1
1028 872 1
3022 741 1
2091 273 1
3505 416 1
1660 339 1
2726 406 1
2873 1181 1
462 190 1
1497 917 1
1546 132 1
3467 136 1
3780 195 1
2448 803 1
2854 542 1
4275 155 1
2354 977 1
1107 644 1
2453 178 1
2105 663 1
1828 1158 1
3261 580 1
3436 870 1
3125 461 1
3788 624 1
1397 236 1
1752 683 1
3109 1028 1
1361 775 1
1216 1036 1
1565 729 1
3549 1134 1
3557 639 1
3670 880 1
2304 638 1
1518 1149 1
3815 383 1
661 159 1
622 459 1
1853 518 1
3337 286 1
1681 929 1
3245 850 1
1913 115 1
2007 837 1
1058 458 1
2883 269 1
2199 491 1
2381 1185 1
1473 572 1
985 125 1
2752 119 1
2217 851 1
2309 319 1
1308 1205 1
1870 293 1
3104 1226 1
3395 1231 1
2044 1230 1
4462 138 1
1653 527 1
3864 798 1
3228 127 1
1727 143 1
2233 115 1
2879 996 1
4049 443 1
2626 256 1
813 475 1
2024 442 1
3950 119 1
3609 268 1
1487 392 1
