180
8275 327 1
7037 617 0
3664 2522 1
598 4076 1
7501 2134 1
2246 3783 0
7226 2906 1
2848 810 1
5253 1003 0
2149 1159 1
3346 240 1
7094 1949 1
4375 2639 0
5521 1633 1
5680 4282 1
5038 1947 1
894 2808 1
7077 4473 0
2507 2598 1
495 3322 1
3261 3342 1
6220 2241 1
2066 1915 1
9056 1341 0
1031 1163 1
2006 761 0
6680 2759 1
8626 667 1
4704 4364 1
3991 1589 1
8079 4447 0
7908 4070 1
7817 3630 1
2063 2516 1
8641 1681 0
1526 4279 1
1813 3532 1
6911 3338 1
2463 1864 1
846 3660 0
5832 682 1
8374 3191 1
8341 2199 0
5726 3470 1
1112 2160 1
1081 1640 1
5329 2275 1
4496 495 0
7990 698 1
5284 4482 0
4952 224 1
7732 3024 1
9317 2356 0
8874 2155 0
9397 3930 1
9054 3660 1
4627 3305 1
1019 4476 0
6832 4115 1
1236 3811 0
3579 1894 1
4921 2805 1
7439 655 0
5838 3911 1
5344 405 0
5984 4545 1
3174 1443 0
8857 4248 1
3263 4201 1
4911 795 0
1628 2062 0
2578 1330 1
2849 4342 0
1168 3315 1
7424 1251 1
8446 3827 1
511 1487 1
4265 3510 1
1623 1362 1
1372 624 1
3800 3984 0
6164 1281 0
7143 3745 1
313 2828 1
8911 3028 1
5164 3189 1
481 422 1
3940 2159 1
6299 3054 1
6639 2005 0
3934 1181 1
9211 259 1
3346 852 1
2879 3571 1
4151 763 1
5693 2927 1
779 801 1
6673 1099 1
4382 2045 0
3564 3022 1
4522 1463 0
6492 3555 1
6876 1488 1
6286 1752 0
2593 3186 1
7843 2441 0
9062 800 0
6301 4057 1
7953 2041 1
2905 2117 1
7512 4240 0
662 2356 0
4622 3745 1
1370 2692 0
323 4379 1
4705 2312 1
4503 1016 1
3979 3145 1
6453 303 1
5319 4039 1
1952 4117 1
2966 2750 1
2457 4551 1
2427 537 1
9385 2929 1
8002 1639 1
8403 2659 1
8769 215 0
3721 3582 1
400 998 1
263 2289 1
3714 4499 1
1629 935 1
4986 1532 0
4258 4399 0
8626 1260 1
5824 1931 1
9062 1787 1
6608 4548 1
9351 3346 1
7260 231 1
3795 284 0
1959 3155 1
1362 212 1
5765 1206 1
2868 223 0
6129 2650 1
8521 4532 0
7429 3350 1
9242 4367 1
7908 1105 1
9393 1025 1
3749 800 1
6334 772 1
5118 3648 0
7477 1667 0
920 359 0
1881 325 0
396 3729 1
1532 3096 1
7177 2428 1
1829 4554 1
5717 2432 0
8328 961 0
5949 207 1
3362 3789 1
3589 1477 0
2429 4148 1
522 1935 1
8992 2627 0
3235 2390 1
7687 303 1
4199 3916 0
2836 1690 1
8733 3418 1
5326 2759 1
7067 1021 1
7694 4597 0
6853 238 1
3206 4599 1
